30
0 5 0.084598 0.083175
0 21 1.749183 0.250817
0 11 0.038947 0.006053
1 11 0.085466 0.014534
1 0 1.350529 0.649471
1 7 0.285099 0.014901
1 23 0.002696 0.000835
2 17 0.027346 0.022654
2 15 0.045587 0.004413
2 3 0.017824 0.003176
3 5 0.061713 0.038287
3 29 0.016886 0.000721
4 19 1.192230 0.807770
4 20 0.064858 0.015142
4 24 0.120322 0.039678
4 28 0.976904 0.023096
5 8 0.010628 0.009372
6 21 0.166752 0.001020
7 14 0.153605 0.014167
8 19 0.515801 0.104199
8 14 0.092464 0.075308
8 20 0.087352 0.012648
8 22 0.003152 0.002348
8 29 0.140524 0.022219
9 2 0.135123 0.032649
9 20 0.133265 0.026735
10 13 0.113860 0.053912
11 9 0.100760 0.067012
11 6 0.150479 0.009521
12 19 2.049014 0.950986
13 16 0.114749 0.053021
13 25 0.004605 0.000295
14 1 0.105039 0.062734
14 15 0.082674 0.017326
15 19 1.919563 0.080437
15 13 0.079082 0.020918
15 20 0.028492 0.011508
15 21 3.875153 0.124847
15 25 0.036006 0.003994
15 24 0.605240 0.194760
15 11 0.145745 0.014255
15 1 0.795810 0.204190
16 28 0.159132 0.008640
19 28 0.298010 0.201990
20 18 0.785400 0.264600
20 3 0.179880 0.020120
21 4 4.168464 0.831536
21 11 0.031715 0.013285
22 26 0.017459 0.002765
24 8 0.830937 0.169063
24 3 0.143341 0.023659
25 6 0.026483 0.018517
25 24 0.002965 0.002035
26 5 0.127600 0.040172
26 11 0.075478 0.024522
26 1 0.008235 0.002540
27 24 0.405721 0.116118
28 15 0.850608 0.149392
29 20 0.034801 0.000326
29 27 0.114965 0.052807
29 15 0.032531 0.009331
29 11 0.024948 0.000256
